924293904742875156
924293904478662679
924293905015513108
924293905149743144
924293905015525406
924293905267175445
924293905061646367
924293905397202985
924293905317519371
924293905560784907
924293905221058561
924293905606926336
924293905619496960
924293905564983437
924293905736929280
924293905783091220
924293905808252948
924293905745330197
924293905829208104
924293905858572318
924293905674010645
924293905623703614
924293905606926338
924293906017959966
924293906064109679
924293906143776819
924293906152177684
924293906131197963
924293905938264086
924293906219302972
924293906261221446
924293906307375165
924293906261225563
924293906122825729
924293906429018182
924293906378666014
924293906466746388
924293906496106516
924293906257018941
924293906751954974
924293906600955946
924293906785501215
924293906798100490
924293906840027166
924293906835857458
924293906991050803
924293906923941940
924293907276242954
924293907347550238
924293907351748659
924293909021093908
924293909029457950
924293909318889472
924293909327265802
924293909411160064
924293909184675882
924293909390180372
924293909251760189
924293909436313601
924293909532803111
924293909574742016
924293909583118376
924293909272743967
924293910140977162
924293909784432661
924293910329696266
924293910384230431
924293910426173480
924293910145142825
924293910514262076
924293910593945661
924293910635880478
924293910665232424
924293910799466506
924293910841401374
924293910883340369
924293910950469653
924293910623313981
924293911072084009
924293910933692447
924293911080480809
924293910988197899
924293911210516530
924293911323746355
924293911478960148
924293911189553153
924293911504093254
924293911575408680
924293911508303883
924293911927742564
924293912045174825
924293912078741525
924293912108077077
924293912183595088
924293912191987712
924293912158437407
924293912225542204
924293912632373289
924293912611422259
924293912691085352
924293913265709097
924293913269907476
924293913387343892
924293913395748875
924293913479630848
924293913613844500
924293913622220880
924293913517387797
924293913743876147
924293913781608519
924293913697722379
924293913961975808
924293913987137536
924293914125533264
924293913899040810
924293914108780554
924293914448494643
924293914515623937
924293914700177409
924293914469470239
924293914867949608
924293914893094962
924293914561769524
924293914700165191
924293915065065482
924293915216076800
924293915190910996
924293915253805076
924293914926661653
924293915186700339
924293915358683177
924293915455131678
924293915576778752
924293915392217129
924293915786485771
924293915878752286
924293915908120607
924293915958472765
924293916029751326
924293916050747472
924293916298194955
924293916331769916
924293916562452490
924293916675674202
924293916709224508
924293916843475014
924293916835065876
924293916910551091
924293916650516501
924293916751200367
924293917501964298
924293917585842206
924293917657149511
924293917749440532
924293917762027560
924293917736833074
924293917762023434
924293917875249204
924293918303072326
924293918433083522
924293918412136508
924293918466666496
924293918617632799
924293918747680848
924293918823165952
924293918483415082
924293918579892235
924293918936424498
924293918898683935
924293918651219999
924293918814785577
924293919158730782
924293919209058345
924293919083221043
924293919418769419
924293919435526184
924293919641047110
924293919573938236
924293920031129701
924293919838208021
924293920081453087
924293920198905936
924293920266027018
924293920278601808
924293920219869184
924293920123396157
924293920492486696
924293920832253982
924293920874188820
924293920886767667
924293920995803146
924293921041952818
924293920719007825
924293921054527578
924293921075494913
924293921159409674
924293920903553095
924293921264242688
924293921687887904
924293922065362964
924293921746583583
924293922077933569
924293922103132170
924293922187001866
924293921872416769
924293922245709855
924293922337992714
924293922413477908
924293922178621451
924293922572877854
924293922660950016
924293922493186059
924293922988105798
924293922887438357
924293923164274780
924293923197845564
924293923222990888
924293923294285855
924293923302678568
924293923361415198
924293923520794664
924293923600494632
924293923646607380
924293923470462977
924293923537559555
924293923885690940
924293923877314592
924293923063623730
924293923671769160
924293923931848724
924293924015706213
924293923852124161
924293924154122260
924293924019904593
924293924229640202
924293924221239336
924293924258975784
924293924925894716
924293925009784842
924293925131399208
924293924862971945
924293925081063455
924293925366284359
924293925307547688
