915239879628193822
924243332912279553
924243332908056597
924242777557065758
924242777515110420
924242777401864223
924242777301205012
924242777263443999
924242777255079996
924242777150218240
924242777032769567
924242776890163240
924242776588169246
924242776424595517
924242526653779968
924242526481821718
924242263222149162
924242262559436900
924242262492336189
924242262488154152
924242262433628160
924242262425239562
924242262379077642
924242262332956692
924242262328762380
924242262324572170
924242262244859964
924242262232297483
924242261452161064
924242261447966720
924242261410201630
924242261372452864
924242261267599410
924242261246640169
924242261053673483
924242260802043955
924242260604891146
924242260487446588
924242260281917471
915240191688589383
